x
-1 1
6 0 317
7 0 704
8 4 469
9 0 309
10 0 104
16 0 2802
17 17 2927
18 12 2457
19 0 2029
20 0 998
25 0 3
26 0 2259
27 6 2470
28 10 1742
29 0 619
30 0 242
31 0 34
32 0 20
33 0 80
34 0 469
35 16 1696
36 168 34764
37 2751 24386
38 41 18006
39 0 18525
40 0 7885
41 0 1634
42 0 3205
43 2 10733
44 394 23128
45 1290 46239
46 6419 97741
47 1944 33196
48 5 16306
49 0 9722
50 0 3710
51 0 6018
52 0 9122
53 33 19662
54 3264 27496
55 4633 62626
56 5719 54178
57 59 17172
58 0 16307
59 0 8200
60 0 6244
61 0 4316
62 0 5343
63 35 7476
64 1311 10893
65 890 22661
66 151 2403
67 0 217
68 0 56
69 0 28
70 0 7
71 0 2428
72 0 5543
73 20 7216
74 400 8435
75 312 15212
76 24 10545
77 0 5565
78 0 1375
79 0 1193
80 0 637
81 0 17858
82 0 19287
83 90 25421
84 662 18827
85 187 27041
86 12 31668
91 0 28
92 0 47
93 0 71
94 0 297
95 54 1237
96 336 5877
97 94 2766
98 0 1569
99 0 1573
100 0 570
101 36397 205540
102 13617 51181
103 2058 9796
104 9177 46791
105 0 136
106 1623 11415
107 2974 15711
108 16918 63794
109 495 6202
110 198 1271
111 42 531
112 8107 45109
113 13 724
114 7520 75453
115 1900 33670
116 36523 199055
117 10321 51767
118 2220 9958
119 10072 49186
120 0 136
121 1543 9670
122 3470 15995
123 15719 64391
124 388 6117
125 173 1333
126 41 511
127 9185 44981
128 3 704
129 10916 68806
130 1752 33394
131 1100 129488
132 922 27887
133 1069 12904
134 2160 17435
135 90 1257
136 2792 20973
137 5428 24409
138 7788 51334
139 14064 55374
140 457 2827
141 1883 44245
142 15736 67305
143 336 23698
144 21674 144259
145 3652 67064
146 0.180845 0.987337
147 0.154773 0.983615
148 0.007137 0.879624
154 0 542
155 0 1073
156 32 1343
157 24 1399
158 0 1435
159 0 94
160 0 1
161 0 1
162 0 6
163 0 6
164 0 1024
165 12 1784
166 127 1711
167 22 2102
168 0 1628
169 0 7
170 0 6
171 0 3
172 0 10
173 3 53
174 44 2605
175 167 3155
176 410 2553
177 27 3094
178 0 2030
179 0 431
180 0 352
181 5 548
182 68 755
183 335 1855
184 538 8243
185 950 6120
186 754 4931
187 29 5311
188 0 2653
189 0 1972
190 2 5137
191 213 5075
192 1315 6907
193 1374 14660
194 1352 14319
195 1232 5683
196 118 4100
197 0 2240
198 0 908
199 0 3688
200 53 6301
201 982 5077
202 770 6073
203 476 7910
204 255 1771
205 38 599
206 0 373
207 0 278
208 0 199
209 0 2731
210 42 2688
211 312 2412
212 128 3043
213 35 2397
214 1 53
215 0 11
216 0 5
217 0 3
218 0 8
219 0 2016
220 33 1694
221 79 1665
222 7 1643
223 0 757
224 0 10
225 0 2
226 0 4
228 0 117
229 0 1659
230 60 1263
231 18 1140
232 0 902
233 0 372
234 0 4253
239 0 528
240 2 560
241 30 603
242 110 804
243 116 1594
244 112 1713
245 100 851
246 16 708
247 0 694
248 0 428
249 5442 20685
250 3058 16010
251 417 1924
252 3051 12407
253 41 448
254 325 1626
255 1068 3923
256 3052 16200
257 1030 3474
258 240 1567
259 58 433
260 3213 12674
261 329 1683
262 2482 17471
263 3707 18855
264 4338 22197
265 2520 16860
266 402 1986
267 3255 12731
268 61 443
269 284 1753
270 1062 3782
271 3050 16260
272 1064 3599
273 290 1501
274 50 443
275 3101 12376
276 314 1611
277 3016 16597
278 4249 18646
279 0 4430
280 0 238
281 0 415
282 6 659
283 1 303
284 99 1281
285 123 1455
286 181 2201
287 476 5094
288 100 1259
289 5669 21275
290 3469 11760
291 3851 16763
292 6604 34141
293 9017 37501
294 0.08236200000000001 0.5648490000000001
295 0.07484399999999999 0.5543670000000001
296 -0 0.485481
302 0 96
303 0 277
304 0 641
305 20 955
306 13 1301
307 0 27
308 0 1
310 0 1
311 0 1
312 0 208
313 0 553
314 4 802
315 59 964
316 2 1098
317 0 7
318 0 3
319 0 5
320 0 15
321 0 27
322 2 398
323 14 723
324 45 866
325 113 1130
326 0 1170
327 0 204
328 0 192
329 6 172
330 21 180
331 46 371
332 59 1003
333 94 1142
334 181 1188
335 82 1366
336 0 935
337 0 1522
338 8 1327
339 121 1180
340 108 1284
341 103 1569
342 114 1568
343 128 1216
344 104 896
345 6 1115
346 0 331
347 0 1929
348 128 1430
349 135 1209
350 70 1070
351 44 1001
352 32 343
353 19 148
354 1 120
355 0 126
356 0 20
357 0 1421
358 111 932
359 29 788
360 5 696
361 1 415
362 0 20
363 0 7
364 0 4
365 0 1
366 0 6
367 5 1238
368 47 904
369 2 740
370 0 454
371 0 172
372 0 2
373 0 1
374 0 1
375 0 1
376 0 31
377 23 1383
378 10 996
379 0 543
380 0 234
381 0 61
382 0 828
386 0 8
387 0 488
388 14 440
389 35 371
390 31 461
391 26 685
392 27 672
393 33 520
394 46 390
395 9 500
396 0 378
397 2894 16176
398 622 2829
399 197 1009
400 324 2371
401 3 209
402 118 971
403 34 899
404 533 3405
405 77 785
406 50 452
407 21 258
408 295 2378
409 5 349
410 236 4927
411 67 3176
412 1769 16027
413 541 2789
414 244 1021
415 248 2560
416 3 226
417 168 815
418 48 972
419 538 3672
420 52 754
421 56 462
422 17 285
423 298 2545
424 2 322
425 254 4637
426 60 2601
427 64 12844
428 100 2076
429 120 1337
430 238 1516
431 34 550
432 243 1768
433 75 1439
434 464 3572
435 321 3203
436 122 1027
437 62 2597
438 694 4305
439 11 1364
440 556 9564
441 157 5777
442 0.34318 0.999977
443 0.297735 0.999996
444 0.00124 0.999953
